time,x,y,z,phi,theta,psi,x_velocity,y_velocity,z_velocity,phi_velocity,theta_velocity,psi_velocity,rotor_speed1,rotor_speed2,rotor_speed3,rotor_speed4
0.06,0.0017834518508425864,0.014074175050158982,10.02079961051235,0.10608484263196605,0.21190274666030184,0.11799329663805125,-0.04175276338573741,0.269715981594833,0.3929722277389749,0.10409983790094472,0.19492868799556254,0.29966405875096386,440.89969330253575,440.5194328352028,440.1176290734334,440.4657687772398
0.12000000000000001,-0.004537414901776563,0.0321331510459498,10.044168497044481,0.11216214316585127,0.223824907547991,0.13596645176181354,-0.16996611024476785,0.3327515534693327,0.38569928404891696,0.09497671322373133,0.20533632587929374,0.2993288691771746,407.7363064848415,408.7072099908743,407.28474358239134,406.4779828388258
0.18,-0.019496901937696674,0.05443356032409291,10.070213832187266,0.11832374500794884,0.23588406990903454,0.1539195104218134,-0.3299254447863439,0.4111568769847206,0.4820594363455455,0.11483095833493105,0.1904574492628105,0.29899442875830656,443.28812197667185,442.10353558755276,442.8259815781434,444.46491082912394
0.23999999999999996,-0.044328951993111335,0.08157463960164184,10.102074360611537,0.12466876931075443,0.24772378508839843,0.17185251751758202,-0.4990007347329019,0.4941855097800253,0.5794991040686477,0.07309838718955684,0.20837553249558266,0.2986607349852898,443.7539592502443,445.2598337320833,446.146662032457,442.7356722292406
0.3,-0.07914674547279353,0.11360802374454151,10.138104228227254,0.12879782853079735,0.260070607118692,0.18976551779832462,-0.6627726075935897,0.5739462898636047,0.6210761468537093,0.058480576582759985,0.20001764272339354,0.29832778536024745,426.60319863007936,425.93257486566773,428.3793684890224,427.1384502606629
0.36000000000000004,-0.1246815246328321,0.15080748084293788,10.178961927310857,0.1324195686686691,0.2719786826942725,0.20765855586359727,-0.85631708298769,0.6663490929885492,0.7403077501411732,0.06388119709729252,0.1951787826051963,0.2979955773964335,454.1871349064682,453.83655150357293,452.8571196502753,453.29376869041306
0.4200000000000001,-0.18145341599275408,0.1933196066197724,10.224644204103909,0.1361130822189578,0.28371915111198387,0.22553167616396674,-1.0372048819493276,0.7510246695964523,0.7819637285950688,0.056456120290847976,0.1966462883581245,0.2976641086181704,428.468607979517,428.6322805134493,430.14881324959197,429.5224861332034
0.48000000000000015,-0.24948803805770675,0.24105479196254953,10.273336816282509,0.13996010421704508,0.29577572142040864,0.24338492300167847,-1.2317928819145039,0.8404437766819194,0.8405817488989374,0.07618806970902949,0.20837608006103028,0.29733337656078807,435.28257811292724,436.3032224475115,435.462117940822,437.11240637913016
0.5400000000000001,-0.3296742041543944,0.2943285140557774,10.326182681919573,0.14435384194084744,0.3077602470537899,0.2612183405313129,-1.4423323830238055,0.9357284264814619,0.9202944302210414,0.06653837283711787,0.17066414654768206,0.29700337877056243,445.3879786546805,442.3309532776729,445.29853346061606,444.51267522803033
0.6000000000000002,-0.42286885645356503,0.3534557866938466,10.384110886930666,0.14831850587585915,0.3181194828576137,0.2790319727604409,-1.6652182794897261,1.035522921374291,1.009993804029448,0.06514063399472442,0.17635784993019823,0.2966741128046549,448.3626897173921,448.85328074748537,449.65109340017307,449.5410442040459
0.6600000000000003,-0.5283320568103517,0.418047422008543,10.443341780857642,0.1526097866149705,0.3285124779848063,0.2968258635502803,-1.8511582998968372,1.1178440660190665,0.963934085859549,0.08192815572520878,0.16606042049445602,0.29634557623105195,403.43714269557387,402.5385208985208,403.23146670769563,404.74945349330943
0.7200000000000003,-0.6461734428181923,0.4881091755613548,10.502699490719937,0.15803806967053013,0.33913635637540196,0.31460005661633783,-2.0779220137654755,1.2179962426948105,1.0139694085731692,0.1036247818823627,0.19299917272415631,0.2960177666285053,437.1616778263117,439.4304170656584,437.8892223400238,439.6970331800422
0.7800000000000004,-0.7773598299732268,0.5640642548809064,10.563577688479649,0.16449617499056224,0.3505412829406733,0.33235459552905766,-2.2960453318159635,1.3143598297566497,1.014618147867759,0.11463847416838135,0.1835073548935547,0.29569068158647255,424.0222680706296,423.2431580973591,422.1600574303097,423.1200286035072
0.8400000000000004,-0.9229297369911581,0.6463945569508225,10.627246381267172,0.17149418375172232,0.3615959069202388,0.35008952371446167,-2.55742778807321,1.43061660324963,1.1067036870981362,0.1203482111399985,0.1856750889406085,0.2953643187050577,455.2691791224692,455.4745777893542,456.50963703733436,456.97674557975824
0.9000000000000005,-1.0838712221075408,0.7355843765359594,10.694830946971114,0.17878693203974816,0.3735015885133368,0.3678048844547863,-2.8084269415319256,1.5429990037918364,1.1451801722830455,0.12383723682041244,0.2161572141813293,0.29503867559495267,439.72327984836284,442.27887240354744,439.36945381632887,439.672133037812
0.9600000000000005,-1.2599152564519822,0.831553037470213,10.764031663456672,0.18634133418341392,0.3862812597650809,0.38550072088911946,-3.060934199070039,1.6565723114776127,1.1605088870816704,0.12975020207828783,0.20578513972492915,0.2947137498773791,435.0660738827229,434.2425946059683,434.1851255489685,434.6957102521134
1.0200000000000005,-1.4535829065749197,0.9354815302987926,10.839296125826953,0.19530809690180728,0.3985400905850165,0.4031770760140265,-3.395972867147789,1.8085346695162767,1.3466551177364106,0.17312514518939146,0.2012014455408929,0.29438953918403,493.397679777419,493.0956131404428,491.7924164119673,495.01188627549146
1.0800000000000005,-1.6663809326234678,1.0481417340111916,10.922529645717823,0.20613901153454606,0.4106231822945645,0.42083399268418287,-3.698462452567946,1.9477480318346514,1.4263207785599592,0.19223348811981805,0.20174857872689456,0.2940660411570126,462.00179243979,462.08298013905835,462.56929846705395,464.10127521374244
1.1400000000000006,-1.8984781788253284,1.1697832843328428,11.01228145603915,0.21763705576892356,0.4225056617107379,0.43847151361299286,-4.039271589599968,2.1080319609529954,1.5635436216074303,0.19040947224493346,0.1893620131226782,0.29374325344879104,485.86095062856805,484.96600664466393,484.69376040386527,484.589093719382
1.2000000000000006,-2.1496053194278093,1.300460886307588,11.106334379592127,0.22872782306727935,0.4334758710484712,0.4560896813732134,-4.332632575798835,2.248801203256376,1.570126305477251,0.17040536766052347,0.16477290396681848,0.29342117372212934,446.7625478499264,444.78482034700716,445.46825549378946,443.86217856516066
1.2600000000000007,-2.4183808525246486,1.439690432741307,11.200187564185901,0.23935932297879248,0.4440517163813116,0.4736885383975693,-4.627460684006741,2.3930125958593305,1.5569230935974652,0.1881290082868559,0.19271353711804873,0.2930997996500353,439.80673394303795,442.1443819888705,441.43736288392813,442.92766626564645
1.3200000000000007,-2.706145102951105,1.5882979391036873,11.295203544748157,0.25116400861510524,0.45526986730394725,0.4912681269793655,-4.965653259579659,2.561505100021926,1.6083715636208429,0.20997512705040705,0.17188796967350795,0.29277912891570435,468.51554016547686,466.9251507568056,466.9899011303586,468.72614161596715
1.3800000000000008,-3.0119395200524712,1.745963884615836,11.388100518407585,0.2641663210623877,0.46553277061584364,0.5088284892731014,-5.228374445702508,2.694940213326402,1.487015378330692,0.2275653166117664,0.16931659638735924,0.2924591592124636,409.41256514645687,409.21451713696734,408.0496022687369,409.6674467472373
1.4400000000000008,-3.3355752313406026,1.9128173852445962,11.477104335736056,0.27752282889683144,0.4751848438679662,0.5263696672950751,-5.560280438171039,2.8678850615198646,1.477908240216749,0.21020512403177505,0.13302878663248188,0.29213988824371695,455.91934018166035,453.03349100211506,455.10319495145603,453.75905659916475
1.5000000000000009,-3.679862851918601,2.0905686848606826,11.566285646123578,0.29000391639080636,0.4830100612339754,0.5438917029239851,-5.9165546665846644,3.058149126082222,1.4928053031782405,0.2032490692731621,0.12462005635632731,0.2918213137228896,467.70854787670396,467.0677681218107,467.67611358557417,467.17415334102435
1.560000000000001,-4.046768189417427,2.2805503786691594,11.658005771093991,0.3025638317683974,0.49074723981364254,0.5613946379015333,-6.314066991477691,3.275546745833114,1.562090238573682,0.21932507671002116,0.13644525298192053,0.2915034333733739,489.9720583118064,490.86391157886743,490.76475909340115,491.9949096587846
1.620000000000001,-4.4359831930056925,2.482860938123297,11.750473694716625,0.3160223327193874,0.49910553349350995,0.5788785138330201,-6.660335402273211,3.4690973751225243,1.5181087676313194,0.23275485157360057,0.14448004213907073,0.2911862449284749,454.81254817094504,455.473164954561,458.41273660654747,459.52671169085687
1.680000000000001,-4.843693597302461,2.695608053213059,11.835716428986231,0.3298288924358337,0.5079617327479777,0.5963433721879401,-6.930777887438185,3.623397325007842,1.3219695966318146,0.22422284462467826,0.15320791822002305,0.2908697461313565,401.8348034954004,402.6482273141658,404.32582860851323,403.61470008091885
1.740000000000001,-5.269128297675176,2.9185800044711225,11.911179638486749,0.34274193450171087,0.5170359021537934,0.6137892543005714,-7.251052530403939,3.809879910658741,1.1915666178301605,0.18329863489502185,0.14697402255386127,0.29055393473498775,433.93117621252765,433.4295904198701,435.3213480575695,431.92788872975376
1.8000000000000012,-5.714379710629456,3.1531822987061715,11.979200726014964,0.3536517172698943,0.5259473304783358,0.6312162013705622,-7.5912884699066625,4.010912401643246,1.0737558240069072,0.17872199425192936,0.15145254425670118,0.2902388085020899,443.67296088914,444.0612895992012,443.47571094091484,443.1316320937136
1.8600000000000012,-6.181550204751399,3.400812224614704,12.041948129768999,0.3649103081970253,0.5344559575629901,0.6486242544635168,-7.981534129380651,4.24407390748737,1.0151937851054282,0.2012374752839081,0.10299188172550834,0.2899243652050834,473.0115997953654,469.28010628093466,470.78918758068636,472.5598488601275
1.9200000000000013,-6.670315141202975,3.661427764059105,12.097666668293469,0.37750862513481565,0.5403646976864067,0.6660134545115746,-8.311131868886399,4.443982155318266,0.8401872359610724,0.2233427441757942,0.0874478955562847,0.2896106026260354,433.8087502017981,432.509755886149,432.134590962065,434.03840704160734
1.9800000000000013,-7.179889143920023,3.9347977974670023,12.143939633237071,0.3908876941792503,0.5454028112549212,0.6833838423139884,-8.674979966999627,4.669276265403339,0.699944610977117,0.22225955697264396,0.07590449893849548,0.2892975185566075,453.01848214060954,452.09470784109686,451.89938229528076,451.86043464548027
2.0400000000000014,-7.712371085959788,4.222513753699592,12.182873970848242,0.40397130126871783,0.5497577174440487,0.7007354585377001,-9.074534204272243,4.92214621613354,0.5951696700608098,0.20797946452537217,0.06493815287140617,0.2889851107980043,472.27662275158735,471.43354758997435,472.5415097834257,471.48297179872435
2.1000000000000014,-8.26576137564437,4.523591771300042,12.210355838501608,0.41656052792469556,0.5534967983314534,0.7180683437179107,-9.372431065866094,5.114787989446199,0.3192946327842802,0.21326344347056087,0.0564848971091591,0.28867337716092145,409.2446739725489,408.49448161173933,410.04569310847984,410.5622776759585
2.1600000000000015,-8.839457920723667,4.837950098153382,12.224361225337736,0.4290517099420601,0.5570012899947914,0.7353825382586496,-9.751003020414494,5.364740774532112,0.14504813274293593,0.1953913864972938,0.06199977132917522,0.2883623154654946,456.91729124040603,457.3591154675391,456.9981546430571,455.61211640622713
2.2200000000000015,-9.436282922055488,5.1677326362117535,12.227935080046931,0.440623626760833,0.5601533459134735,0.7526780824333406,-10.143345434762498,5.628849332701258,-0.02861005411121749,0.18727256975683276,0.01591388534007082,0.2880519235412488,466.11612428078803,462.50090008313737,463.4881711163245,462.8840507682659
2.2800000000000016,-10.056603380136716,5.513487818525731,12.22044502164953,0.4518002710981488,0.5608261088081257,0.7699550163853628,-10.534136564854359,5.897290809939482,-0.22357733532109875,0.18421222768408643,-0.000410299535868474,0.28774219922704775,463.3255516897,462.03988404322655,462.01604967888915,461.8068693094656
2.3400000000000016,-10.698815792012045,5.8744449302177415,12.19848100032802,0.4629593344362206,0.5608028075433387,0.7872133801286108,-10.873444058026,6.1357683169160335,-0.5105285600767798,0.18930707201013386,-0.0003444964532943911,0.2874331403710437,430.60109090538333,430.60666827039927,431.6528085928378,432.1173081703558
2.4000000000000017,-11.362457915228022,6.250639748119603,12.16026939685263,0.4752094795007924,0.5604907337414184,0.8044532135480509,-11.248253135629232,6.405201174010378,-0.7656542687209622,0.22388836913148932,-0.017315177142637143,0.2871247448306277,450.85047361595684,449.4768693094721,449.40673850939714,452.2407927978289
2.4600000000000017,-12.046791806862178,6.641883104622932,12.103617263345619,0.4885708162794824,0.5594578202279639,0.8216745564002759,-11.563597965559515,6.63764483460654,-1.124653043348088,0.22018020922369563,-0.017016080068757596,0.2868170104723799,413.14042823739135,413.1668631762349,412.6057183242598,412.3314621062084
2.520000000000002,-12.752946861856397,7.0494320857108015,12.02890732890362,0.5016027326955887,0.558079987864919,0.8388774483140518,-11.97500079379185,6.948539188412107,-1.3687206094221591,0.21045996502822326,-0.03881914815994723,0.2865099351720204,467.9549797656337,466.25407190016335,468.721044717228,468.00870828633253
2.580000000000002,-13.482593142202328,7.474946645774818,11.937231465845437,0.5143701788202781,0.5560391700832454,0.8560619287908695,-12.347000614483404,7.236695285772741,-1.6897387273593165,0.21707928147100014,-0.025813923615587396,0.2862035168143604,443.20462853554625,444.2721002815965,444.43809193311466,445.02502587014544
2.640000000000002,-14.235540364374097,7.918741657423091,11.826991589691488,0.527290229425116,0.5548118049853539,0.873228037205485,-12.751515470771233,7.557796882919362,-1.988086898532646,0.21160049290089883,-0.01145859163162225,0.2858977532932536,460.2698799720845,461.40498987887275,462.3893965590248,462.0012572218925
2.700000000000002,-15.01105950460379,8.380635021570443,11.695745598022883,0.5397464982990048,0.5536792021860011,0.8903758128064672,-13.099917235875722,7.840180221642853,-2.3894173799471106,0.19811213521722226,-0.040967398650700294,0.28559264251154787,427.64298442372643,425.1208932385274,426.98306876475357,425.87457122628007
2.760000000000002,-15.806483726216086,8.858819760497736,11.538267391886242,0.551359162590856,0.551404353931594,0.9075052947167279,-13.415437077041052,8.10116178895064,-2.862046648027321,0.18235777504800585,-0.03241814159907178,0.2852881823810374,401.17116142667356,401.94615637927217,401.8489894157019,400.4584717602351
2.820000000000002,-16.622453349695856,9.35420887995858,11.353862134054065,0.5622700718158278,0.5492791926625422,0.924616521934067,-13.784472751650384,8.413552095718678,-3.2876899551689918,0.18081156709314936,-0.04222110933424415,0.2849843708224149,429.88476617402546,429.05235125450236,431.7161442053588,431.6186776334089
2.880000000000002,-17.462655546371828,9.870363934767722,11.145944712246509,0.5730669996040678,0.5462879685502147,0.9417095333316965,-14.22275105129893,8.793234234947018,-3.646652577565455,0.17816766305738443,-0.07301202819087349,0.2846812057652244,468.75648067757004,466.35502671783024,469.2173919277479,469.04143551772984
2.940000000000002,-18.330511925724966,10.410766508653648,10.91745716807477,0.584341265205893,0.542613003181609,0.9587843676587795,-14.706003557568975,9.221818601004967,-3.9739433145517964,0.2024422243227225,-0.04450510840382625,0.28437868514781384,490.2735881584273,492.3852220156456,491.36468019764385,493.1915408604433
3.000000000000002,-19.224791200883082,10.974806020039981,10.664798708030327,0.5962850627808738,0.5408931876675371,0.9758410635409511,-15.104294450879427,9.581466147338125,-4.451764978970233,0.191279563707638,-0.008056294149721682,0.28407680691728904,440.0314552173928,443.03923926406867,441.0081484928689,440.12384149562104
3.0600000000000023,-20.144193812366794,11.56177855391182,10.384088190563013,0.608155048030361,0.5403941822711253,0.9928796594808436,-15.543209371675927,9.986053843091515,-4.909827967090061,0.20846105297062056,-0.008842848006658237,0.28377556902946643,461.4006813291297,461.338677467373,461.13635185723695,462.5284302355077
3.1200000000000023,-21.089290980780117,12.17263188213872,10.073857220571869,0.6214978385951264,0.5399221209686296,1.0099001938586127,-15.9610051389718,10.377699394933613,-5.435833163709796,0.24122888791430672,-0.005985370414979543,0.28347496944882744,445.89324092877354,446.1268359432538,444.0696256259287,446.7980822332098
3.1800000000000024,-22.062999532183234,12.81065125103336,9.735628462834537,0.6362904328032943,0.5393812499010551,1.0269027049324508,-16.495924165625745,10.89100597900487,-5.8450835240976735,0.25546352276582307,-0.015890542136960017,0.2831750061484724,509.9370924118326,509.22890354625235,508.81801525364233,509.88852414537195
3.2400000000000024,-23.064989640874387,13.475958474039354,9.366365925719965,0.6512939976623819,0.5381644908515026,1.0438872308391067,-16.90493689293283,11.288139092174488,-6.468840129306783,0.23617971841589092,-0.03094439492910078,0.28287567711007505,436.55489199248404,435.29633892071337,437.0113369068748,435.46378595106154
3.3000000000000025,-24.091077757501193,14.164854824005456,8.957685839650695,0.66569798115966,0.5366958943163889,1.0608538095943985,-17.29958893116878,11.677708073530669,-7.158946852759481,0.2468723458247378,-0.013949476886910507,0.28257698032383716,421.0378008584529,422.50616987540803,420.1435492130759,421.1309763639997
3.3600000000000025,-25.14019337646243,14.876647011877342,8.505237149232343,0.6809106530623144,0.5361597631542185,1.0778024790937222,-17.67276754303623,12.051523137155703,-7.927996237683031,0.26432526885365903,-0.000430597805841486,0.2822789137884437,399.45938888952327,400.69106299088617,398.2554215146653,399.92140387256995
3.4200000000000026,-26.21375139142388,15.613230021205654,8.007715344904598,0.6970112908475876,0.5362929105192134,1.0947332771125655,-18.113755140068697,12.503675802387898,-8.662910295059348,0.27535130865913926,0.007052303301885282,0.281981475511018,436.75679943631104,437.38072233593897,435.4174274695885,436.4132918540631
3.4800000000000026,-27.314283434833705,16.37771988141184,7.4649996023483505,0.7134542006102418,0.5364790179719288,1.1116462413070076,-18.571840327370182,12.981759070746419,-9.435244952763162,0.27131333443252703,-0.006281353602698764,0.2816846635070772,443.1851039651888,442.0872136133559,441.34715572315076,441.09011231947835
3.5400000000000027,-28.44320387034415,17.172126294034122,6.875185846245434,0.7295700267709266,0.5359932096774331,1.1285414092142227,-19.060008930223916,13.501032248604071,-10.23367531351308,0.26253611571150265,-0.012000338092641831,0.28138847580048854,454.96206060188246,454.50382475173586,455.9213217872944,455.2899664425742
3.6000000000000028,-29.601373260413464,17.997904911261962,6.2353466093583805,0.7451228628017548,0.5350342782041064,1.1454188182529839,-19.547104098223944,14.027904834548512,-11.103207289680986,0.2515866772312114,-0.02545367049393725,0.28109291042342494,449.48382450263136,448.39172624838403,450.0010230729236,449.17999269088904
3.660000000000003,-30.78988432705137,18.85685011997577,5.542477770909048,0.7606777116026233,0.5333578072533793,1.1622785057241547,-20.0713654854645,14.606773708916107,-12.002391396903624,0.2713011847541047,-0.033447945752302,0.28079796541632174,465.97177474677716,465.3459188319919,464.19329195613597,465.80229894218706
3.720000000000003,-32.008112438444186,19.74879853585896,4.791077721659807,0.7773462550777346,0.5310737001236765,1.1791205088111907,-20.53846219552236,15.128790011601529,-13.054256311610361,0.2883698358830521,-0.049437180217330096,0.28050363882783336,423.87658354393665,422.4986084455356,422.33637310981493,423.88864155763184
3.780000000000003,-33.25645711808547,20.674843972397166,3.976441507924849,0.7942025437746985,0.5281224731625853,1.1959448645806265,-21.074823379369846,15.743188502277913,-14.11217621994594,0.258869602466289,-0.04869178984354327,0.28020992871479,457.5137064658567,457.57166196417273,458.4478292043563,456.172909994419
3.840000000000003,-34.53694710974934,21.638044997183382,3.095341630399247,0.8092424962597935,0.5248456437098401,1.2127516099825657,-21.610578881468633,16.368213620489374,-15.270417709433973,0.2244134082486082,-0.07036722880916235,0.27991683314215526,449.9231075775024,448.16163509512677,449.5272452574515,446.78579864969726
3.900000000000003,-35.84896584412902,22.638337954926545,2.1407615143516363,0.8225438191172767,0.5202190910625486,1.229540781851174,-22.126930864312,16.981207789866453,-16.56187652631121,0.21560363838843008,-0.09610134384501913,0.27962435018298337,425.0970833124439,422.879375807666,424.0709384160004,423.3643092145244
3.960000000000003,-37.195981813943924,23.680952167222102,1.1098408843178793,0.8355050272597904,0.5139314976879055,1.2463124169051571,-22.776407412088236,17.778826458319234,-17.818072374841254,0.21683891001413302,-0.1343393446662275,0.2793324779183769,493.5475669680473,490.70644344923966,489.96128315145796,490.09449327588595
4.020000000000002,-38.579910061221796,24.76924305205744,0.0,0.8490778918406408,0.5057886314101445,1.2630665517482447,-23.35910607935014,18.505930986821294,-19.291643118586016,0.24033492516927074,-0.13861368817141623,0.2790412144374449,435.57806429738457,435.202782991055,435.5807133494366,437.5934736900568
